5610,3185,858,5610,5189,3185,1608,270,858,1578,5189,253,858,1355,1136,1038,875,3185,1262,2237,253,385,3185,589,1455,3473,1863,1315,3185,2673,783,1608,3243,682,532,1408,2772,875,858,234,894,1662,1338,496,5189,5189,1038,5189,4253,4381,5189,894,3039,1318,4381,3185,1143,253,1705,496,1262,858,2003,3341,5189,1608,2237,5189,2628,5189,1608,2081,1274,532,2463,2323,999,539,682,682,3620,1464,532,496,2617,1038,642,478,1455,2110,2282,3827,1262,1315,2772,1067,2989,457,5189,1464,496
3185,5798,884,3185,5344,5798,2934,566,884,1636,5344,491,884,578,479,447,802,5798,1176,2262,491,732,5798,1107,1352,1846,992,2518,5798,1509,772,2934,3363,636,1108,2604,5122,802,884,230,861,1538,602,955,5344,5344,447,5344,4307,4631,5344,861,3014,557,4631,5798,2064,491,1521,955,1176,884,2133,3128,5344,2934,2262,5344,2691,5344,2934,1862,1271,1108,1370,2361,1130,245,636,636,3638,1358,1108,955,4864,447,627,862,1352,2147,4050,3814,1176,2518,5122,953,5447,444,5344,1358,955
858,884,8304,858,1404,884,448,2771,8304,402,1404,503,8304,2295,2918,2918,1483,884,6325,3447,503,1624,884,693,1333,5202,3021,643,884,403,739,448,532,2345,5822,672,1355,1483,8304,132,445,2894,977,1040,1404,1404,2918,1404,2000,1993,1404,445,7834,2106,1993,884,1341,503,3509,1040,6325,8304,3490,2662,1404,448,3447,1404,662,1404,448,2058,1138,5822,1371,1957,3563,2087,2345,2345,5673,1482,5822,1040,1355,2918,3711,1171,1333,3610,2247,5249,6325,643,1355,1037,884,264,1404,1482,1040
5610,3185,858,5610,5189,3185,1608,270,858,1578,5189,253,858,1355,1136,1038,875,3185,1262,2237,253,385,3185,589,1455,3473,1863,1315,3185,2673,783,1608,3243,682,532,1408,2772,875,858,234,894,1662,1338,496,5189,5189,1038,5189,4253,4381,5189,894,3039,1318,4381,3185,1143,253,1705,496,1262,858,2003,3341,5189,1608,2237,5189,2628,5189,1608,2081,1274,532,2463,2323,999,539,682,682,3620,1464,532,496,2617,1038,642,478,1455,2110,2282,3827,1262,1315,2772,1067,2989,457,5189,1464,496
5189,5344,1404,5189,8582,5344,2691,448,1404,1408,8582,408,1404,1052,863,803,1414,5344,2023,3808,408,636,5344,953,1132,3039,1693,2148,5344,2462,602,2691,2989,1127,884,2340,4631,1414,1404,183,665,2753,1029,802,8582,8582,803,8582,7113,7239,8582,665,4925,1037,7239,5344,1862,408,2825,802,2023,1404,3532,5310,8582,2691,3808,8582,4330,8582,2691,3426,2119,884,2320,3970,1837,440,1127,1127,5823,1138,884,802,4386,803,1097,781,1132,1846,3606,6121,2023,2148,4631,1723,5001,358,8582,1138,802
3185,5798,884,3185,5344,5798,2934,566,884,1636,5344,491,884,578,479,447,802,5798,1176,2262,491,732,5798,1107,1352,1846,992,2518,5798,1509,772,2934,3363,636,1108,2604,5122,802,884,230,861,1538,602,955,5344,5344,447,5344,4307,4631,5344,861,3014,557,4631,5798,2064,491,1521,955,1176,884,2133,3128,5344,2934,2262,5344,2691,5344,2934,1862,1271,1108,1370,2361,1130,245,636,636,3638,1358,1108,955,4864,447,627,862,1352,2147,4050,3814,1176,2518,5122,953,5447,444,5344,1358,955
1608,2934,448,1608,2691,2934,2688,582,448,1551,2691,515,448,284,232,218,408,2934,579,1111,515,367,2934,555,662,895,480,1279,2934,1391,388,2688,1698,316,566,2439,2604,408,448,253,435,760,301,491,2691,2691,218,2691,2141,2340,2691,435,1471,264,2340,2934,1005,515,724,491,579,448,1052,1527,2691,2688,1111,2691,2446,2691,2688,905,628,566,682,1175,561,120,316,316,1799,664,566,491,2459,218,308,419,662,1047,1982,1886,579,1279,2604,475,2735,230,2691,664,491
270,566,2771,270,448,566,582,2834,2771,567,448,636,2771,760,942,942,503,566,2040,1068,636,925,566,401,817,1674,957,459,566,272,504,582,353,762,3144,892,879,503,2771,214,342,927,354,644,448,448,942,448,616,672,448,342,2530,647,672,566,730,636,1054,644,2040,2771,1130,794,448,582,1068,448,444,448,582,627,366,3144,420,612,1136,665,762,762,1879,886,3144,644,879,942,1181,616,817,1979,1241,1749,2040,459,879,332,566,192,448,886,644
858,884,8304,858,1404,884,448,2771,8304,402,1404,503,8304,2295,2918,2918,1483,884,6325,3447,503,1624,884,693,1333,5202,3021,643,884,403,739,448,532,2345,5822,672,1355,1483,8304,132,445,2894,977,1040,1404,1404,2918,1404,2000,1993,1404,445,7834,2106,1993,884,1341,503,3509,1040,6325,8304,3490,2662,1404,448,3447,1404,662,1404,448,2058,1138,5822,1371,1957,3563,2087,2345,2345,5673,1482,5822,1040,1355,2918,3711,1171,1333,3610,2247,5249,6325,643,1355,1037,884,264,1404,1482,1040
1578,1636,402,1578,1408,1636,1551,567,402,2622,1408,574,402,612,494,444,410,1636,270,522,574,391,1636,321,1462,1501,788,1323,1636,1362,884,1551,1728,295,551,2370,2500,410,402,537,1007,754,645,554,1408,1408,444,1408,1078,2068,1408,1007,1321,278,2068,1636,557,574,356,554,270,402,919,793,1408,1551,522,1408,1311,1408,1551,468,593,551,585,543,472,233,295,295,1708,1464,551,554,2365,444,139,235,1462,1817,1173,1798,270,1323,2500,253,1545,510,1408,1464,554
5189,5344,1404,5189,8582,5344,2691,448,1404,1408,8582,408,1404,1052,863,803,1414,5344,2023,3808,408,636,5344,953,1132,3039,1693,2148,5344,2462,602,2691,2989,1127,884,2340,4631,1414,1404,183,665,2753,1029,802,8582,8582,803,8582,7113,7239,8582,665,4925,1037,7239,5344,1862,408,2825,802,2023,1404,3532,5310,8582,2691,3808,8582,4330,8582,2691,3426,2119,884,2320,3970,1837,440,1127,1127,5823,1138,884,802,4386,803,1097,781,1132,1846,3606,6121,2023,2148,4631,1723,5001,358,8582,1138,802
253,491,503,253,408,491,515,636,503,574,408,2546,503,665,475,475,2180,491,332,276,2546,1937,491,1630,1500,876,527,1039,491,283,1765,515,355,1532,644,864,841,2180,503,675,1239,2075,1339,2809,408,408,475,408,316,661,408,1239,1291,286,661,491,1498,2546,977,2809,332,503,1057,473,408,515,276,408,406,408,515,1268,644,644,101,181,372,304,1532,1532,1669,1500,644,2809,935,475,197,1178,1500,1095,1484,1669,332,1039,841,1309,562,715,408,1500,2809
858,884,8304,858,1404,884,448,2771,8304,402,1404,503,8304,2295,2918,2918,1483,884,6325,3447,503,1624,884,693,1333,5202,3021,643,884,403,739,448,532,2345,5822,672,1355,1483,8304,132,445,2894,977,1040,1404,1404,2918,1404,2000,1993,1404,445,7834,2106,1993,884,1341,503,3509,1040,6325,8304,3490,2662,1404,448,3447,1404,662,1404,448,2058,1138,5822,1371,1957,3563,2087,2345,2345,5673,1482,5822,1040,1355,2918,3711,1171,1333,3610,2247,5249,6325,643,1355,1037,884,264,1404,1482,1040
1355,578,2295,1355,1052,578,284,760,2295,612,1052,665,2295,5984,4473,4445,1894,578,1534,721,665,1030,578,820,4063,3878,2291,521,578,631,2688,284,733,1395,1616,493,1021,1894,2295,569,1800,3009,3609,1430,1052,1052,4445,1052,809,1676,1052,1800,3518,2955,1676,578,1222,665,1510,1430,1534,2295,2848,1417,1052,284,721,1052,490,1052,284,1851,2172,1616,582,408,1490,2979,1395,1395,4655,4262,1616,1430,1013,4439,903,628,4063,2578,2279,4425,1534,521,1021,1133,574,1168,1052,4262,1430
1136,479,2918,1136,863,479,232,942,2918,494,863,475,2918,4473,5980,5695,1395,479,2106,947,475,1287,479,628,3044,5383,3141,383,479,480,1928,232,568,1855,2027,391,814,1395,2918,396,1269,2278,2651,1030,863,863,5695,863,1114,1327,863,1269,4887,4014,1327,479,979,475,2253,1030,2106,2918,2150,2104,863,232,947,863,390,863,232,1510,1582,2027,707,562,1756,3513,1855,1855,3518,3092,2027,1030,756,5689,1216,843,3044,3463,1885,3650,2106,383,814,892,447,820,863,3092,1030
1038,447,2918,1038,803,447,218,942,2918,444,803,475,2918,4445,5695,5664,1395,447,2106,947,475,1287,447,628,3042,5059,2981,383,447,474,1944,218,560,1855,2027,365,756,1395,2918,399,1280,2278,2671,1030,803,803,5664,803,1030,1229,803,1280,4640,3983,1229,447,979,475,2253,1030,2106,2918,2138,1952,803,218,947,803,366,803,218,1510,1575,2027,707,562,1747,3491,1855,1855,3494,3075,2027,1030,748,5644,1216,843,3042,3273,1817,3484,2106,383,756,892,443,827,803,3075,1030
875,802,1483,875,1414,802,408,503,1483,410,1414,2180,1483,1894,1395,1395,5956,802,1037,963,2180,3220,802,2710,2619,2669,1612,1478,802,467,2811,408,544,4438,1040,661,1315,5956,1483,549,1830,6031,3496,4488,1414,1414,1395,1414,1127,2089,1414,1830,4032,892,2089,802,2685,2180,3157,4488,1037,1483,3232,1672,1414,408,963,1414,680,1414,408,3907,1940,1040,355,636,1186,878,4438,4438,5041,2619,1040,4488,1433,1395,623,2070,2619,1878,2719,5041,1037,1478,1315,3790,900,1104,1414,2619,4488
3185,5798,884,3185,5344,5798,2934,566,884,1636,5344,491,884,578,479,447,802,5798,1176,2262,491,732,5798,1107,1352,1846,992,2518,5798,1509,772,2934,3363,636,1108,2604,5122,802,884,230,861,1538,602,955,5344,5344,447,5344,4307,4631,5344,861,3014,557,4631,5798,2064,491,1521,955,1176,884,2133,3128,5344,2934,2262,5344,2691,5344,2934,1862,1271,1108,1370,2361,1130,245,636,636,3638,1358,1108,955,4864,447,627,862,1352,2147,4050,3814,1176,2518,5122,953,5447,444,5344,1358,955
1262,1176,6325,1262,2023,1176,579,2040,6325,270,2023,332,6325,1534,2106,2106,1037,1176,7586,4495,332,1171,1176,850,889,3968,2234,400,1176,595,469,579,724,1737,4323,448,884,1037,6325,83,280,2058,657,693,2023,2023,2106,2023,2782,1404,2023,280,6034,2616,1404,1176,1667,332,4447,693,7586,6325,2425,3586,2023,579,4495,2023,952,2023,579,2738,750,4323,1884,2746,2589,1425,1737,1737,4068,992,4323,693,884,2106,4299,1444,889,2679,2728,3770,7586,400,884,1356,1176,165,2023,992,693
2237,2262,3447,2237,3808,2262,1111,1068,3447,522,3808,276,3447,721,947,947,963,2262,4495,6614,276,834,2262,736,630,3149,1640,857,2262,1078,314,1111,1325,1360,2267,908,1833,963,3447,56,202,1865,523,580,3808,3808,947,3808,4729,2932,3808,202,5016,1285,2932,2262,1418,276,3526,580,4495,3447,2209,3715,3808,1111,6614,3808,1824,3808,1111,2512,1104,2267,2902,4526,2061,577,1360,1360,3883,711,2267,580,1840,947,2388,1081,630,1969,2393,3671,4495,857,1833,1268,2275,109,3808,711,580
253,491,503,253,408,491,515,636,503,574,408,2546,503,665,475,475,2180,491,332,276,2546,1937,491,1630,1500,876,527,1039,491,283,1765,515,355,1532,644,864,841,2180,503,675,1239,2075,1339,2809,408,408,475,408,316,661,408,1239,1291,286,661,491,1498,2546,977,2809,332,503,1057,473,408,515,276,408,406,408,515,1268,644,644,101,181,372,304,1532,1532,1669,1500,644,2809,935,475,197,1178,1500,1095,1484,1669,332,1039,841,1309,562,715,408,1500,2809
385,732,1624,385,636,732,367,925,1624,391,636,1937,1624,1030,1287,1287,3220,732,1171,834,1937,4460,732,2406,2060,2426,1443,1381,732,208,2270,367,510,3862,1863,607,1203,3220,1624,445,1560,3228,1779,3898,636,636,1287,636,801,1001,636,1560,3521,843,1001,732,2364,1937,2770,3898,1171,1624,1753,1332,636,367,834,636,316,636,367,2112,922,1863,289,499,1035,799,3862,3862,2761,2060,1863,3898,1311,1287,672,2918,2060,2777,2385,2761,1171,1381,1203,2070,822,885,636,2060,3898
3185,5798,884,3185,5344,5798,2934,566,884,1636,5344,491,884,578,479,447,802,5798,1176,2262,491,732,5798,1107,1352,1846,992,2518,5798,1509,772,2934,3363,636,1108,2604,5122,802,884,230,861,1538,602,955,5344,5344,447,5344,4307,4631,5344,861,3014,557,4631,5798,2064,491,1521,955,1176,884,2133,3128,5344,2934,2262,5344,2691,5344,2934,1862,1271,1108,1370,2361,1130,245,636,636,3638,1358,1108,955,4864,447,627,862,1352,2147,4050,3814,1176,2518,5122,953,5447,444,5344,1358,955
589,1107,693,589,953,1107,555,401,693,321,953,1630,693,820,628,628,2710,1107,850,736,1630,2406,1107,3364,1738,1203,699,1188,1107,342,1954,555,824,2070,802,491,955,2710,693,393,1366,2685,1583,3266,953,953,628,953,781,802,953,1366,1792,695,802,1107,3267,1630,2354,3266,850,693,1332,1199,953,555,736,953,475,953,555,2893,785,802,273,498,459,389,2070,2070,2162,1738,802,3266,1109,628,479,2544,1738,1383,3163,2162,850,1188,955,2844,1334,779,953,1738,3266
1455,1352,1333,1455,1132,1352,662,817,1333,1462,1132,1500,1333,4063,3044,3042,2619,1352,889,630,1500,2060,1352,1738,7616,3891,2287,1380,1352,710,5514,662,1721,1708,1656,1156,2333,2619,1333,1236,4038,3607,4659,3104,1132,1132,3042,1132,820,1907,1132,4038,3503,1951,1907,1352,2377,1500,1565,3104,889,1333,3025,1379,1132,662,630,1132,552,1132,662,2137,2503,1656,507,394,904,1875,1708,1708,4940,7607,1656,3104,2325,3022,510,1222,7616,4509,4263,4924,889,1380,2333,1503,1348,2474,1132,7607,3104
3473,1846,5202,3473,3039,1846,895,1674,5202,1501,3039,876,5202,3878,5383,5059,2669,1846,3968,3149,876,2426,1846,1203,3891,11852,6927,1280,1846,1521,2384,895,1961,3592,3610,1321,2734,2669,5202,495,1658,4611,3336,1878,3039,3039,5059,3039,3762,4199,3039,1658,11483,3616,4199,1846,2035,876,4750,1878,3968,5202,5084,4625,3039,895,3149,3039,1415,3039,895,3186,2121,3610,2239,2036,3144,3012,3592,3592,8403,3920,3610,1878,2579,5059,2234,1654,3891,7781,3669,8759,3968,1280,2734,1802,1746,1006,3039,3920,1878
1863,992,3021,1863,1693,992,480,957,3021,788,1693,527,3021,2291,3141,2981,1612,992,2234,1640,527,1443,992,699,2287,6927,6486,706,992,817,1459,480,1025,2153,2067,720,1491,1612,3021,504,1006,2788,1995,1127,1693,1693,2981,1693,2088,2369,1693,1006,6823,2049,2369,992,1163,527,2732,1127,2234,3021,4850,2487,1693,480,1640,1693,787,1693,480,1858,2066,2067,1151,1060,3062,2879,2153,2153,5084,2304,2067,1127,1420,2981,2121,947,2287,4480,2107,5246,2234,706,1491,1047,947,1025,1693,2304,1127
1315,2518,643,1315,2148,2518,1279,459,643,1323,2148,1039,643,521,383,383,1478,2518,400,857,1039,1381,2518,1188,1380,1280,706,4010,2518,705,1555,1279,1711,1066,894,1999,3863,1478,643,456,1707,1433,1074,2019,2148,2148,383,2148,1689,3185,2148,1707,2101,223,3185,2518,1109,1039,701,2019,400,643,1665,1233,2148,1279,857,2148,1086,2148,1279,900,1033,894,524,938,865,213,1066,1066,2786,1380,894,2019,4084,383,228,842,1380,1661,1809,2786,400,4010,3863,909,2697,882,2148,1380,2019
3185,5798,884,3185,5344,5798,2934,566,884,1636,5344,491,884,578,479,447,802,5798,1176,2262,491,732,5798,1107,1352,1846,992,2518,5798,1509,772,2934,3363,636,1108,2604,5122,802,884,230,861,1538,602,955,5344,5344,447,5344,4307,4631,5344,861,3014,557,4631,5798,2064,491,1521,955,1176,884,2133,3128,5344,2934,2262,5344,2691,5344,2934,1862,1271,1108,1370,2361,1130,245,636,636,3638,1358,1108,955,4864,447,627,862,1352,2147,4050,3814,1176,2518,5122,953,5447,444,5344,1358,955
2673,1509,403,2673,2462,1509,1391,272,403,1362,2462,283,403,631,480,474,467,1509,595,1078,283,208,1509,342,710,1521,817,705,1509,2530,392,1391,1746,347,270,1239,1328,467,403,236,450,877,641,280,2462,2462,474,2462,1975,2060,2462,450,1339,602,2060,1509,649,283,906,280,595,403,954,1532,2462,1391,1078,2462,2227,2462,1391,1171,612,270,1213,1218,474,244,347,347,1734,712,270,280,1387,474,303,262,710,957,1079,1745,595,705,1328,604,1615,234,2462,712,280
783,772,739,783,602,772,388,504,739,884,602,1765,739,2688,1928,1944,2811,772,469,314,1765,2270,772,1954,5514,2384,1459,1555,772,392,5864,388,989,1779,1007,698,1380,2811,739,1345,4423,2619,4727,3585,602,602,1944,602,428,1023,602,4423,2161,1196,1023,772,1738,1765,1054,3585,469,739,2003,774,602,388,314,602,301,602,388,1503,1681,1007,254,202,528,1239,1779,1779,3158,5458,1007,3585,1380,1928,278,1311,5514,2917,2922,3158,469,1555,1380,1583,772,2686,602,5458,3585
1608,2934,448,1608,2691,2934,2688,582,448,1551,2691,515,448,284,232,218,408,2934,579,1111,515,367,2934,555,662,895,480,1279,2934,1391,388,2688,1698,316,566,2439,2604,408,448,253,435,760,301,491,2691,2691,218,2691,2141,2340,2691,435,1471,264,2340,2934,1005,515,724,491,579,448,1052,1527,2691,2688,1111,2691,2446,2691,2688,905,628,566,682,1175,561,120,316,316,1799,664,566,491,2459,218,308,419,662,1047,1982,1886,579,1279,2604,475,2735,230,2691,664,491
3243,3363,532,3243,2989,3363,1698,353,532,1728,2989,355,532,733,568,560,544,3363,724,1325,355,510,3363,824,1721,1961,1025,1711,3363,1746,989,1698,3860,417,690,1545,3037,544,532,296,1152,1033,783,692,2989,2989,560,2989,2405,2617,2989,1152,1746,690,2617,3363,1511,355,1044,692,724,532,1183,1867,2989,1698,1325,2989,1509,2989,1698,1315,743,690,1465,1465,601,292,417,417,2234,1730,690,692,3171,560,362,618,1721,2261,2561,2240,724,1711,3037,677,3604,573,2989,1730,692
682,636,2345,682,1127,636,316,762,2345,295,1127,1532,2345,1395,1855,1855,4438,636,1737,1360,1532,3862,636,2070,1708,3592,2153,1066,636,347,1779,316,417,5558,1624,490,1001,4438,2345,342,1151,4604,2280,3220,1127,1127,1855,1127,1400,1612,1127,1151,5302,1258,1612,636,2112,1532,4263,3220,1737,2345,2594,2219,1127,316,1360,1127,526,1127,316,3157,1337,1624,494,851,1595,1140,5558,5558,4032,1708,1624,3220,1074,1855,1007,2645,1708,2426,2146,4032,1737,1066,1001,3003,701,694,1127,1708,3220
532,1108,5822,532,884,1108,566,3144,5822,551,884,644,5822,1616,2027,2027,1040,1108,4323,2267,644,1863,1108,802,1656,3610,2067,894,1108,270,1007,566,690,1624,6244,879,1722,1040,5822,192,673,1957,739,1266,884,884,2027,884,1268,1355,884,673,5423,1415,1355,1108,1498,644,2307,1266,4323,5822,2396,1701,884,566,2267,884,448,884,566,1341,769,6244,874,1253,2411,1431,1624,1624,3976,1804,6244,1266,1722,2027,2504,1275,1656,4060,2563,3689,4323,894,1722,693,1108,368,884,1804,1266
1408,2604,672,1408,2340,2604,2439,892,672,2370,2340,864,672,493,391,365,661,2604,448,908,864,607,2604,491,1156,1321,720,1999,2604,1239,698,2439,1545,490,879,3634,3891,661,672,434,771,1225,505,841,2340,2340,365,2340,1831,3385,2340,771,2150,218,3385,2604,864,864,593,841,448,672,1643,1269,2340,2439,908,2340,2153,2340,2439,760,1003,879,543,941,891,202,490,490,2742,1158,879,841,3695,365,250,367,1156,1612,1752,2864,448,1999,3891,408,2459,405,2340,1158,841
2772,5122,1355,2772,4631,5122,2604,879,1355,2500,4631,841,1355,1021,814,756,1315,5122,884,1833,841,1203,5122,955,2333,2734,1491,3863,5122,1328,1380,2604,3037,1001,1722,3891,7494,1315,1355,405,1518,2492,1023,1617,4631,4631,756,4631,3675,6659,4631,1518,4445,447,6659,5122,1738,841,1223,1617,884,1355,3332,2585,4631,2604,1833,4631,2340,4631,2604,1538,2025,1722,1087,1882,1790,415,1001,1001,5550,2339,1722,1617,7159,756,496,732,2333,3263,3546,5799,884,3863,7494,802,4864,777,4631,2339,1617
875,802,1483,875,1414,802,408,503,1483,410,1414,2180,1483,1894,1395,1395,5956,802,1037,963,2180,3220,802,2710,2619,2669,1612,1478,802,467,2811,408,544,4438,1040,661,1315,5956,1483,549,1830,6031,3496,4488,1414,1414,1395,1414,1127,2089,1414,1830,4032,892,2089,802,2685,2180,3157,4488,1037,1483,3232,1672,1414,408,963,1414,680,1414,408,3907,1940,1040,355,636,1186,878,4438,4438,5041,2619,1040,4488,1433,1395,623,2070,2619,1878,2719,5041,1037,1478,1315,3790,900,1104,1414,2619,4488
858,884,8304,858,1404,884,448,2771,8304,402,1404,503,8304,2295,2918,2918,1483,884,6325,3447,503,1624,884,693,1333,5202,3021,643,884,403,739,448,532,2345,5822,672,1355,1483,8304,132,445,2894,977,1040,1404,1404,2918,1404,2000,1993,1404,445,7834,2106,1993,884,1341,503,3509,1040,6325,8304,3490,2662,1404,448,3447,1404,662,1404,448,2058,1138,5822,1371,1957,3563,2087,2345,2345,5673,1482,5822,1040,1355,2918,3711,1171,1333,3610,2247,5249,6325,643,1355,1037,884,264,1404,1482,1040
234,230,132,234,183,230,253,214,132,537,183,675,132,569,396,399,549,230,83,56,675,445,230,393,1236,495,504,456,230,236,1345,253,296,342,192,434,405,549,132,1236,1385,503,1054,715,183,183,399,183,128,299,183,1385,440,247,299,230,344,675,203,715,83,132,665,225,183,253,56,183,189,183,253,294,573,192,74,58,177,408,342,342,662,1224,192,715,405,396,85,261,1236,622,637,662,83,456,405,315,230,1348,183,1224,715
894,861,445,894,665,861,435,342,445,1007,665,1239,445,1800,1269,1280,1830,861,280,202,1239,1560,861,1366,4038,1658,1006,1707,861,450,4423,435,1152,1151,673,771,1518,1830,445,1385,4470,1641,3374,2487,665,665,1280,665,461,1108,665,4470,1459,818,1108,861,1169,1239,690,2487,280,445,1359,821,665,435,202,665,334,665,435,970,1152,673,284,210,351,820,1151,1151,2168,3996,673,2487,1518,1269,165,915,4038,2137,2107,2168,280,1707,1518,1053,861,2723,665,3996,2487
1662,1538,2894,1662,2753,1538,760,927,2894,754,2753,2075,2894,3009,2278,2278,6031,1538,2058,1865,2075,3228,1538,2685,3607,4611,2788,1433,1538,877,2619,760,1033,4604,1957,1225,2492,6031,2894,503,1641,9704,3388,4354,2753,2753,2278,2753,2204,4044,2753,1641,7190,1510,4044,1538,4224,2075,5452,4354,2058,2894,5631,3143,2753,760,1865,2753,1304,2753,760,6539,3145,1957,689,1250,2219,1411,4604,4604,8754,3607,1957,4354,2662,2278,1234,2112,3607,3077,4361,8754,2058,1433,2492,3907,1696,1017,2753,3607,4354
1338,602,977,1338,1029,602,301,354,977,645,1029,1339,977,3609,2651,2671,3496,602,657,523,1339,1779,602,1583,4659,3336,1995,1074,602,641,4727,301,783,2280,739,505,1023,3496,977,1054,3374,3388,5992,2811,1029,1029,2671,1029,735,1587,1029,3374,2981,1720,1587,602,1503,1339,1467,2811,657,977,2656,1256,1029,301,523,1029,489,1029,301,2029,2259,739,450,346,739,1663,2280,2280,4280,4621,739,2811,1023,2651,384,1077,4659,2384,2528,4280,657,1074,1023,2056,602,2148,1029,4621,2811
496,955,1040,496,802,955,491,644,1040,554,802,2809,1040,1430,1030,1030,4488,955,693,580,2809,3898,955,3266,3104,1878,1127,2019,955,280,3585,491,692,3220,1266,841,1617,4488,1040,715,2487,4354,2811,5548,802,802,1030,802,636,1315,802,2487,2761,628,1315,955,3066,2809,2112,5548,693,1040,2227,1004,802,491,580,802,408,802,491,2685,1369,1266,200,363,787,653,3220,3220,3514,3104,1266,5548,1812,1030,412,2406,3104,2254,3058,3514,693,2019,1617,2710,1109,1413,802,3104,5548
5189,5344,1404,5189,8582,5344,2691,448,1404,1408,8582,408,1404,1052,863,803,1414,5344,2023,3808,408,636,5344,953,1132,3039,1693,2148,5344,2462,602,2691,2989,1127,884,2340,4631,1414,1404,183,665,2753,1029,802,8582,8582,803,8582,7113,7239,8582,665,4925,1037,7239,5344,1862,408,2825,802,2023,1404,3532,5310,8582,2691,3808,8582,4330,8582,2691,3426,2119,884,2320,3970,1837,440,1127,1127,5823,1138,884,802,4386,803,1097,781,1132,1846,3606,6121,2023,2148,4631,1723,5001,358,8582,1138,802
5189,5344,1404,5189,8582,5344,2691,448,1404,1408,8582,408,1404,1052,863,803,1414,5344,2023,3808,408,636,5344,953,1132,3039,1693,2148,5344,2462,602,2691,2989,1127,884,2340,4631,1414,1404,183,665,2753,1029,802,8582,8582,803,8582,7113,7239,8582,665,4925,1037,7239,5344,1862,408,2825,802,2023,1404,3532,5310,8582,2691,3808,8582,4330,8582,2691,3426,2119,884,2320,3970,1837,440,1127,1127,5823,1138,884,802,4386,803,1097,781,1132,1846,3606,6121,2023,2148,4631,1723,5001,358,8582,1138,802
1038,447,2918,1038,803,447,218,942,2918,444,803,475,2918,4445,5695,5664,1395,447,2106,947,475,1287,447,628,3042,5059,2981,383,447,474,1944,218,560,1855,2027,365,756,1395,2918,399,1280,2278,2671,1030,803,803,5664,803,1030,1229,803,1280,4640,3983,1229,447,979,475,2253,1030,2106,2918,2138,1952,803,218,947,803,366,803,218,1510,1575,2027,707,562,1747,3491,1855,1855,3494,3075,2027,1030,748,5644,1216,843,3042,3273,1817,3484,2106,383,756,892,443,827,803,3075,1030
5189,5344,1404,5189,8582,5344,2691,448,1404,1408,8582,408,1404,1052,863,803,1414,5344,2023,3808,408,636,5344,953,1132,3039,1693,2148,5344,2462,602,2691,2989,1127,884,2340,4631,1414,1404,183,665,2753,1029,802,8582,8582,803,8582,7113,7239,8582,665,4925,1037,7239,5344,1862,408,2825,802,2023,1404,3532,5310,8582,2691,3808,8582,4330,8582,2691,3426,2119,884,2320,3970,1837,440,1127,1127,5823,1138,884,802,4386,803,1097,781,1132,1846,3606,6121,2023,2148,4631,1723,5001,358,8582,1138,802
4253,4307,2000,4253,7113,4307,2141,616,2000,1078,7113,316,2000,809,1114,1030,1127,4307,2782,4729,316,801,4307,781,820,3762,2088,1689,4307,1975,428,2141,2405,1400,1268,1831,3675,1127,2000,128,461,2204,735,636,7113,7113,1030,7113,8084,5857,7113,461,5885,1331,5857,4307,1521,316,3510,636,2782,2000,2899,6240,7113,2141,4729,7113,3509,7113,2141,2825,1643,1268,2896,4825,2250,559,1400,1400,4694,826,1268,636,3507,1030,1479,1010,820,2249,2894,4925,2782,1689,3675,1415,4084,253,7113,826,636
4381,4631,1993,4381,7239,4631,2340,672,1993,2068,7239,661,1993,1676,1327,1229,2089,4631,1404,2932,661,1001,4631,802,1907,4199,2369,3185,4631,2060,1023,2340,2617,1612,1355,3385,6659,2089,1993,299,1108,4044,1587,1315,7239,7239,1229,7239,5857,9752,7239,1108,6802,803,9752,4631,1538,661,2204,1315,1404,1993,5130,4267,7239,2340,2932,7239,3608,7239,2340,2753,3123,1355,1738,2989,2709,677,1612,1612,8297,1913,1355,1315,6345,1229,815,636,1907,2734,3103,8703,1404,3185,6659,1414,4386,592,7239,1913,1315
5189,5344,1404,5189,8582,5344,2691,448,1404,1408,8582,408,1404,1052,863,803,1414,5344,2023,3808,408,636,5344,953,1132,3039,1693,2148,5344,2462,602,2691,2989,1127,884,2340,4631,1414,1404,183,665,2753,1029,802,8582,8582,803,8582,7113,7239,8582,665,4925,1037,7239,5344,1862,408,2825,802,2023,1404,3532,5310,8582,2691,3808,8582,4330,8582,2691,3426,2119,884,2320,3970,1837,440,1127,1127,5823,1138,884,802,4386,803,1097,781,1132,1846,3606,6121,2023,2148,4631,1723,5001,358,8582,1138,802
894,861,445,894,665,861,435,342,445,1007,665,1239,445,1800,1269,1280,1830,861,280,202,1239,1560,861,1366,4038,1658,1006,1707,861,450,4423,435,1152,1151,673,771,1518,1830,445,1385,4470,1641,3374,2487,665,665,1280,665,461,1108,665,4470,1459,818,1108,861,1169,1239,690,2487,280,445,1359,821,665,435,202,665,334,665,435,970,1152,673,284,210,351,820,1151,1151,2168,3996,673,2487,1518,1269,165,915,4038,2137,2107,2168,280,1707,1518,1053,861,2723,665,3996,2487
3039,3014,7834,3039,4925,3014,1471,2530,7834,1321,4925,1291,7834,3518,4887,4640,4032,3014,6034,5016,1291,3521,3014,1792,3503,11483,6823,2101,3014,1339,2161,1471,1746,5302,5423,2150,4445,4032,7834,440,1459,7190,2981,2761,4925,4925,4640,4925,5885,6802,4925,1459,16656,3286,6802,3014,3123,1291,7177,2761,6034,7834,8140,6762,4925,1471,5016,4925,2310,4925,1471,5034,3337,5423,2052,3284,5186,2834,5302,5302,12672,3529,5423,2761,4268,4640,3496,2435,3503,7529,5382,13079,6034,2101,4445,2752,2895,907,4925,3529,2761
1318,557,2106,1318,1037,557,264,647,2106,278,1037,286,2106,2955,4014,3983,892,557,2616,1285,286,843,557,695,1951,3616,2049,223,557,602,1196,264,690,1258,1415,218,447,892,2106,247,818,1510,1720,628,1037,1037,3983,1037,1331,803,1037,818,3286,4512,803,557,1140,286,2753,628,2616,2106,1351,2441,1037,264,1285,1037,474,1037,264,1862,994,1415,955,780,1154,2361,1258,1258,2288,1980,1415,628,443,3983,1439,977,1951,2246,2037,2281,2616,223,447,1046,553,520,1037,1980,628
4381,4631,1993,4381,7239,4631,2340,672,1993,2068,7239,661,1993,1676,1327,1229,2089,4631,1404,2932,661,1001,4631,802,1907,4199,2369,3185,4631,2060,1023,2340,2617,1612,1355,3385,6659,2089,1993,299,1108,4044,1587,1315,7239,7239,1229,7239,5857,9752,7239,1108,6802,803,9752,4631,1538,661,2204,1315,1404,1993,5130,4267,7239,2340,2932,7239,3608,7239,2340,2753,3123,1355,1738,2989,2709,677,1612,1612,8297,1913,1355,1315,6345,1229,815,636,1907,2734,3103,8703,1404,3185,6659,1414,4386,592,7239,1913,1315
3185,5798,884,3185,5344,5798,2934,566,884,1636,5344,491,884,578,479,447,802,5798,1176,2262,491,732,5798,1107,1352,1846,992,2518,5798,1509,772,2934,3363,636,1108,2604,5122,802,884,230,861,1538,602,955,5344,5344,447,5344,4307,4631,5344,861,3014,557,4631,5798,2064,491,1521,955,1176,884,2133,3128,5344,2934,2262,5344,2691,5344,2934,1862,1271,1108,1370,2361,1130,245,636,636,3638,1358,1108,955,4864,447,627,862,1352,2147,4050,3814,1176,2518,5122,953,5447,444,5344,1358,955
1143,2064,1341,1143,1862,2064,1005,730,1341,557,1862,1498,1341,1222,979,979,2685,2064,1667,1418,1498,2364,2064,3267,2377,2035,1163,1109,2064,649,1738,1005,1511,2112,1498,864,1738,2685,1341,344,1169,4224,1503,3066,1862,1862,979,1862,1521,1538,1862,1169,3123,1140,1538,2064,5106,1498,3956,3066,1667,1341,2236,2227,1862,1005,1418,1862,905,1862,1005,4735,1229,1498,541,984,840,590,2112,2112,3664,2377,1498,3066,1956,979,933,2567,2377,2259,5105,3664,1667,1109,1738,2893,2426,686,1862,2377,3066
253,491,503,253,408,491,515,636,503,574,408,2546,503,665,475,475,2180,491,332,276,2546,1937,491,1630,1500,876,527,1039,491,283,1765,515,355,1532,644,864,841,2180,503,675,1239,2075,1339,2809,408,408,475,408,316,661,408,1239,1291,286,661,491,1498,2546,977,2809,332,503,1057,473,408,515,276,408,406,408,515,1268,644,644,101,181,372,304,1532,1532,1669,1500,644,2809,935,475,197,1178,1500,1095,1484,1669,332,1039,841,1309,562,715,408,1500,2809
1705,1521,3509,1705,2825,1521,724,1054,3509,356,2825,977,3509,1510,2253,2253,3157,1521,4447,3526,977,2770,1521,2354,1565,4750,2732,701,1521,906,1054,724,1044,4263,2307,593,1223,3157,3509,203,690,5452,1467,2112,2825,2825,2253,2825,3510,2204,2825,690,7177,2753,2204,1521,3956,977,8904,2112,4447,3509,3134,5277,2825,724,3526,2825,1311,2825,724,6507,1484,2307,1361,2370,2029,1310,4263,4263,5034,1565,2307,2112,1328,2253,2450,3174,1565,2966,4032,5034,4447,701,1223,3651,1708,419,2825,1565,2112
496,955,1040,496,802,955,491,644,1040,554,802,2809,1040,1430,1030,1030,4488,955,693,580,2809,3898,955,3266,3104,1878,1127,2019,955,280,3585,491,692,3220,1266,841,1617,4488,1040,715,2487,4354,2811,5548,802,802,1030,802,636,1315,802,2487,2761,628,1315,955,3066,2809,2112,5548,693,1040,2227,1004,802,491,580,802,408,802,491,2685,1369,1266,200,363,787,653,3220,3220,3514,3104,1266,5548,1812,1030,412,2406,3104,2254,3058,3514,693,2019,1617,2710,1109,1413,802,3104,5548
1262,1176,6325,1262,2023,1176,579,2040,6325,270,2023,332,6325,1534,2106,2106,1037,1176,7586,4495,332,1171,1176,850,889,3968,2234,400,1176,595,469,579,724,1737,4323,448,884,1037,6325,83,280,2058,657,693,2023,2023,2106,2023,2782,1404,2023,280,6034,2616,1404,1176,1667,332,4447,693,7586,6325,2425,3586,2023,579,4495,2023,952,2023,579,2738,750,4323,1884,2746,2589,1425,1737,1737,4068,992,4323,693,884,2106,4299,1444,889,2679,2728,3770,7586,400,884,1356,1176,165,2023,992,693
858,884,8304,858,1404,884,448,2771,8304,402,1404,503,8304,2295,2918,2918,1483,884,6325,3447,503,1624,884,693,1333,5202,3021,643,884,403,739,448,532,2345,5822,672,1355,1483,8304,132,445,2894,977,1040,1404,1404,2918,1404,2000,1993,1404,445,7834,2106,1993,884,1341,503,3509,1040,6325,8304,3490,2662,1404,448,3447,1404,662,1404,448,2058,1138,5822,1371,1957,3563,2087,2345,2345,5673,1482,5822,1040,1355,2918,3711,1171,1333,3610,2247,5249,6325,643,1355,1037,884,264,1404,1482,1040
2003,2133,3490,2003,3532,2133,1052,1130,3490,919,3532,1057,3490,2848,2150,2138,3232,2133,2425,2209,1057,1753,2133,1332,3025,5084,4850,1665,2133,954,2003,1052,1183,2594,2396,1643,3332,3232,3490,665,1359,5631,2656,2227,3532,3532,2138,3532,2899,5130,3532,1359,8140,1351,5130,2133,2236,1057,3134,2227,2425,3490,9610,2983,3532,1052,2209,3532,1690,3532,1052,3645,4388,2396,859,1452,4131,2241,2594,2594,10112,3135,2396,2227,3322,2138,2323,1100,3025,3404,3870,9839,2425,1665,3332,2030,2127,1363,3532,3135,2227
3341,3128,2662,3341,5310,3128,1527,794,2662,793,5310,473,2662,1417,2104,1952,1672,3128,3586,3715,473,1332,3128,1199,1379,4625,2487,1233,3128,1532,774,1527,1867,2219,1701,1269,2585,1672,2662,225,821,3143,1256,1004,5310,5310,1952,5310,6240,4267,5310,821,6762,2441,4267,3128,2227,473,5277,1004,3586,2662,2983,8450,5310,1527,3715,5310,2553,5310,1527,3958,1473,1701,2317,3698,1643,1054,2219,2219,4992,1385,1701,1004,2488,1952,1855,1635,1379,2759,3958,5208,3586,1233,2585,2054,2994,477,5310,1385,1004
5189,5344,1404,5189,8582,5344,2691,448,1404,1408,8582,408,1404,1052,863,803,1414,5344,2023,3808,408,636,5344,953,1132,3039,1693,2148,5344,2462,602,2691,2989,1127,884,2340,4631,1414,1404,183,665,2753,1029,802,8582,8582,803,8582,7113,7239,8582,665,4925,1037,7239,5344,1862,408,2825,802,2023,1404,3532,5310,8582,2691,3808,8582,4330,8582,2691,3426,2119,884,2320,3970,1837,440,1127,1127,5823,1138,884,802,4386,803,1097,781,1132,1846,3606,6121,2023,2148,4631,1723,5001,358,8582,1138,802
1608,2934,448,1608,2691,2934,2688,582,448,1551,2691,515,448,284,232,218,408,2934,579,1111,515,367,2934,555,662,895,480,1279,2934,1391,388,2688,1698,316,566,2439,2604,408,448,253,435,760,301,491,2691,2691,218,2691,2141,2340,2691,435,1471,264,2340,2934,1005,515,724,491,579,448,1052,1527,2691,2688,1111,2691,2446,2691,2688,905,628,566,682,1175,561,120,316,316,1799,664,566,491,2459,218,308,419,662,1047,1982,1886,579,1279,2604,475,2735,230,2691,664,491
2237,2262,3447,2237,3808,2262,1111,1068,3447,522,3808,276,3447,721,947,947,963,2262,4495,6614,276,834,2262,736,630,3149,1640,857,2262,1078,314,1111,1325,1360,2267,908,1833,963,3447,56,202,1865,523,580,3808,3808,947,3808,4729,2932,3808,202,5016,1285,2932,2262,1418,276,3526,580,4495,3447,2209,3715,3808,1111,6614,3808,1824,3808,1111,2512,1104,2267,2902,4526,2061,577,1360,1360,3883,711,2267,580,1840,947,2388,1081,630,1969,2393,3671,4495,857,1833,1268,2275,109,3808,711,580
5189,5344,1404,5189,8582,5344,2691,448,1404,1408,8582,408,1404,1052,863,803,1414,5344,2023,3808,408,636,5344,953,1132,3039,1693,2148,5344,2462,602,2691,2989,1127,884,2340,4631,1414,1404,183,665,2753,1029,802,8582,8582,803,8582,7113,7239,8582,665,4925,1037,7239,5344,1862,408,2825,802,2023,1404,3532,5310,8582,2691,3808,8582,4330,8582,2691,3426,2119,884,2320,3970,1837,440,1127,1127,5823,1138,884,802,4386,803,1097,781,1132,1846,3606,6121,2023,2148,4631,1723,5001,358,8582,1138,802
2628,2691,662,2628,4330,2691,2446,444,662,1311,4330,406,662,490,390,366,680,2691,952,1824,406,316,2691,475,552,1415,787,1086,2691,2227,301,2446,1509,526,448,2153,2340,680,662,189,334,1304,489,408,4330,4330,366,4330,3509,3608,4330,334,2310,474,3608,2691,905,406,1311,408,952,662,1690,2553,4330,2446,1824,4330,3864,4330,2446,1638,1016,448,1135,1949,875,200,526,526,2792,554,448,408,2212,366,517,377,552,895,1756,2937,952,1086,2340,834,2511,183,4330,554,408
5189,5344,1404,5189,8582,5344,2691,448,1404,1408,8582,408,1404,1052,863,803,1414,5344,2023,3808,408,636,5344,953,1132,3039,1693,2148,5344,2462,602,2691,2989,1127,884,2340,4631,1414,1404,183,665,2753,1029,802,8582,8582,803,8582,7113,7239,8582,665,4925,1037,7239,5344,1862,408,2825,802,2023,1404,3532,5310,8582,2691,3808,8582,4330,8582,2691,3426,2119,884,2320,3970,1837,440,1127,1127,5823,1138,884,802,4386,803,1097,781,1132,1846,3606,6121,2023,2148,4631,1723,5001,358,8582,1138,802
1608,2934,448,1608,2691,2934,2688,582,448,1551,2691,515,448,284,232,218,408,2934,579,1111,515,367,2934,555,662,895,480,1279,2934,1391,388,2688,1698,316,566,2439,2604,408,448,253,435,760,301,491,2691,2691,218,2691,2141,2340,2691,435,1471,264,2340,2934,1005,515,724,491,579,448,1052,1527,2691,2688,1111,2691,2446,2691,2688,905,628,566,682,1175,561,120,316,316,1799,664,566,491,2459,218,308,419,662,1047,1982,1886,579,1279,2604,475,2735,230,2691,664,491
2081,1862,2058,2081,3426,1862,905,627,2058,468,3426,1268,2058,1851,1510,1510,3907,1862,2738,2512,1268,2112,1862,2893,2137,3186,1858,900,1862,1171,1503,905,1315,3157,1341,760,1538,3907,2058,294,970,6539,2029,2685,3426,3426,1510,3426,2825,2753,3426,970,5034,1862,2753,1862,4735,1268,6507,2685,2738,2058,3645,3958,3426,905,2512,3426,1638,3426,905,7592,1963,1341,997,1808,1396,904,3157,3157,5852,2137,1341,2685,1696,1510,1536,2354,2137,2035,4776,5852,2738,900,1538,4376,2139,596,3426,2137,2685
1274,1271,1138,1274,2119,1271,628,366,1138,593,2119,644,1138,2172,1582,1575,1940,1271,750,1104,644,922,1271,785,2503,2121,2066,1033,1271,612,1681,628,743,1337,769,1003,2025,1940,1138,573,1152,3145,2259,1369,2119,2119,1575,2119,1643,3123,2119,1152,3337,994,3123,1271,1229,644,1484,1369,750,1138,4388,1473,2119,628,1104,2119,1016,2119,628,1963,5234,769,454,777,2224,1575,1337,1337,4466,2532,769,1369,2021,1575,743,561,2503,1388,2163,4457,750,1033,2025,1164,1269,1174,2119,2532,1369
532,1108,5822,532,884,1108,566,3144,5822,551,884,644,5822,1616,2027,2027,1040,1108,4323,2267,644,1863,1108,802,1656,3610,2067,894,1108,270,1007,566,690,1624,6244,879,1722,1040,5822,192,673,1957,739,1266,884,884,2027,884,1268,1355,884,673,5423,1415,1355,1108,1498,644,2307,1266,4323,5822,2396,1701,884,566,2267,884,448,884,566,1341,769,6244,874,1253,2411,1431,1624,1624,3976,1804,6244,1266,1722,2027,2504,1275,1656,4060,2563,3689,4323,894,1722,693,1108,368,884,1804,1266
2463,1370,1371,2463,2320,1370,682,420,1371,585,2320,101,1371,582,707,707,355,1370,1884,2902,101,289,1370,273,507,2239,1151,524,1370,1213,254,682,1465,494,874,543,1087,355,1371,74,284,689,450,200,2320,2320,707,2320,2896,1738,2320,284,2052,955,1738,1370,541,101,1361,200,1884,1371,859,2317,2320,682,2902,2320,1135,2320,682,997,454,874,3010,2746,801,415,494,494,1627,562,874,200,1095,707,969,395,507,1350,995,1524,1884,524,1087,499,1384,144,2320,562,200
2323,2361,1957,2323,3970,2361,1175,612,1957,543,3970,181,1957,408,562,562,636,2361,2746,4526,181,499,2361,498,394,2036,1060,938,2361,1218,202,1175,1465,851,1253,941,1882,636,1957,58,210,1250,346,363,3970,3970,562,3970,4825,2989,3970,210,3284,780,2989,2361,984,181,2370,363,2746,1957,1452,3698,3970,1175,4526,3970,1949,3970,1175,1808,777,1253,2746,4726,1254,301,851,851,2547,400,1253,363,1966,562,1434,695,394,1246,1621,2531,2746,938,1882,897,2503,112,3970,400,363
999,1130,3563,999,1837,1130,561,1136,3563,472,1837,372,3563,1490,1756,1747,1186,1130,2589,2061,372,1035,1130,459,904,3144,3062,865,1130,474,528,561,601,1595,2411,891,1790,1186,3563,177,351,2219,739,787,1837,1837,1747,1837,2250,2709,1837,351,5186,1154,2709,1130,840,372,2029,787,2589,3563,4131,1643,1837,561,2061,1837,875,1837,561,1396,2224,2411,801,1254,5392,1945,1595,1595,4210,968,2411,787,1786,1747,2491,653,904,2035,1457,4028,2589,865,1790,727,1128,357,1837,968,787
539,245,2087,539,440,245,120,665,2087,233,440,304,2087,2979,3513,3491,878,245,1425,577,304,799,245,389,1875,3012,2879,213,245,244,1239,120,292,1140,1431,202,415,878,2087,408,820,1411,1663,653,440,440,3491,440,559,677,440,820,2834,2361,677,245,590,304,1310,653,1425,2087,2241,1054,440,120,577,440,200,440,120,904,1575,1431,415,301,1945,3682,1140,1140,2298,1992,1431,653,411,3489,1384,504,1875,1955,1120,2150,1425,213,415,544,243,843,440,1992,653
682,636,2345,682,1127,636,316,762,2345,295,1127,1532,2345,1395,1855,1855,4438,636,1737,1360,1532,3862,636,2070,1708,3592,2153,1066,636,347,1779,316,417,5558,1624,490,1001,4438,2345,342,1151,4604,2280,3220,1127,1127,1855,1127,1400,1612,1127,1151,5302,1258,1612,636,2112,1532,4263,3220,1737,2345,2594,2219,1127,316,1360,1127,526,1127,316,3157,1337,1624,494,851,1595,1140,5558,5558,4032,1708,1624,3220,1074,1855,1007,2645,1708,2426,2146,4032,1737,1066,1001,3003,701,694,1127,1708,3220
682,636,2345,682,1127,636,316,762,2345,295,1127,1532,2345,1395,1855,1855,4438,636,1737,1360,1532,3862,636,2070,1708,3592,2153,1066,636,347,1779,316,417,5558,1624,490,1001,4438,2345,342,1151,4604,2280,3220,1127,1127,1855,1127,1400,1612,1127,1151,5302,1258,1612,636,2112,1532,4263,3220,1737,2345,2594,2219,1127,316,1360,1127,526,1127,316,3157,1337,1624,494,851,1595,1140,5558,5558,4032,1708,1624,3220,1074,1855,1007,2645,1708,2426,2146,4032,1737,1066,1001,3003,701,694,1127,1708,3220
3620,3638,5673,3620,5823,3638,1799,1879,5673,1708,5823,1669,5673,4655,3518,3494,5041,3638,4068,3883,1669,2761,3638,2162,4940,8403,5084,2786,3638,1734,3158,1799,2234,4032,3976,2742,5550,5041,5673,662,2168,8754,4280,3514,5823,5823,3494,5823,4694,8297,5823,2168,12672,2288,8297,3638,3664,1669,5034,3514,4068,5673,10112,4992,5823,1799,3883,5823,2792,5823,1799,5852,4466,3976,1627,2547,4210,2298,4032,4032,15776,5128,3976,3514,5539,3494,2425,1792,4940,5727,6278,15382,4068,2786,5550,3276,3635,1359,5823,5128,3514
1464,1358,1482,1464,1138,1358,664,886,1482,1464,1138,1500,1482,4262,3092,3075,2619,1358,992,711,1500,2060,1358,1738,7607,3920,2304,1380,1358,712,5458,664,1730,1708,1804,1158,2339,2619,1482,1224,3996,3607,4621,3104,1138,1138,3075,1138,826,1913,1138,3996,3529,1980,1913,1358,2377,1500,1565,3104,992,1482,3135,1385,1138,664,711,1138,554,1138,664,2137,2532,1804,562,400,968,1992,1708,1708,5128,7808,1804,3104,2331,3070,571,1222,7607,4540,4281,4954,992,1380,2339,1503,1354,2447,1138,7808,3104
532,1108,5822,532,884,1108,566,3144,5822,551,884,644,5822,1616,2027,2027,1040,1108,4323,2267,644,1863,1108,802,1656,3610,2067,894,1108,270,1007,566,690,1624,6244,879,1722,1040,5822,192,673,1957,739,1266,884,884,2027,884,1268,1355,884,673,5423,1415,1355,1108,1498,644,2307,1266,4323,5822,2396,1701,884,566,2267,884,448,884,566,1341,769,6244,874,1253,2411,1431,1624,1624,3976,1804,6244,1266,1722,2027,2504,1275,1656,4060,2563,3689,4323,894,1722,693,1108,368,884,1804,1266
496,955,1040,496,802,955,491,644,1040,554,802,2809,1040,1430,1030,1030,4488,955,693,580,2809,3898,955,3266,3104,1878,1127,2019,955,280,3585,491,692,3220,1266,841,1617,4488,1040,715,2487,4354,2811,5548,802,802,1030,802,636,1315,802,2487,2761,628,1315,955,3066,2809,2112,5548,693,1040,2227,1004,802,491,580,802,408,802,491,2685,1369,1266,200,363,787,653,3220,3220,3514,3104,1266,5548,1812,1030,412,2406,3104,2254,3058,3514,693,2019,1617,2710,1109,1413,802,3104,5548
